   0.0000000000000000     
  0.49998737405621302     
  0.99997474811242870     
   1.4999621221686443     
   1.9999494962248601     
   2.4999368702810321     
   2.9999242443372038     
   3.4999116183933756     
   3.9998989924495474     
   4.4998863665057192     
   4.9998737405618909     
   5.4998611146180627     
   5.9998484886742345     
   6.4998358627304063     
   6.9998232367865780     
   7.4998106108427498     
   7.9997979848989216     
   8.4997853589550942     
   8.9997727330112660     
   9.4997601070674378     
   9.9997474811236096     
   10.499734855179781     
   10.999722229235953     
   11.499709603292125     
   11.999696977348297     
   12.499684351404468     
   12.999671725460640     
   13.499659099516812     
   13.999646473572984     
   14.499633847629156     
   14.999621221685327     
